1.860556860078254999e+02
2.149348954949565477e-04
6.014751742911432497e-02
7.194819190518225716e-02
3.309941553087338006e-02
4.297773572328363587e-04
3.827453071357300035e-02
5.320704009716040184e-02
2.111791044293624409e-01
2.861386938291834645e-02
3.169543919043454894e-02
1.737694273368218731e-02
5.132925774848311369e-03
3.478390757447424875e-02
1.252300467537701377e-02
1.012236794863494334e-02
2.184945949468834192e-01
5.011595527181207654e-02
1.563837694204322712e-03
2.783286449814133603e-02
1.312127745385159409e-02
1.374132781418640481e-01
1.737788310568746386e-01
1.553656587432986243e-02
1.944607239207121405e-02
4.064197051657090359e-02
5.132925774848311369e-03
3.169543919043454894e-02
1.553656587432986243e-02
3.478390757447424875e-02
1.944607239207121405e-02
5.011595527181207654e-02
1.012236794863494334e-02
1.312127745385159409e-02
4.064197051657090359e-02
1.737694273368218731e-02
1.374132781418640481e-01
1.252300467537701377e-02
1.563837694204322712e-03
2.783286449814133603e-02
2.184945949468834192e-01
1.737788310568746386e-01
2.483949347277404629e-01
1.267264361011896656e-02
3.048842598206636528e-02
2.956656336950766115e-02
1.178325486293939628e-01
7.058675584358846617e-04
2.204476013964815351e-01
1.092799699770227589e-01
2.768808305166679806e-02
2.959540081541698828e-02
2.763278880076642401e-04
5.339773093855695874e-02
1.953454281627785283e-02
9.095431734037354166e-02
5.770424233054523983e-02
4.030457975661225212e-02
4.664085534476725137e-02
1.023770547058974884e-01
1.100393114073302953e-01
1.109798739348550750e-01
4.555086515963988406e-03
9.953149091765725598e-02
2.922036687936491531e-02
1.314205467609340372e-01
1.900042661104115738e-01
2.410087833187881390e-01
4.583679106720678353e-02
9.463169062456004699e-02
8.253570538490977507e-03
1.244902748703243384e-01
8.673794018011925233e-02
3.089113345322110071e-02
9.460076304384038362e-03
2.213695017368582652e-01
2.213695017368582652e-01
5.454086409042652696e+07
1.623719509601667232e+05
1.524543127926647514e+02
8.898428044267443554e-04
1.349483810896811133e-03
3.244830459847871783e-03
5.831796663775468603e-04
2.450890508280583694e-03
1.935758499022431980e-02
1.839299723137193541e-03
3.990912361940180298e-04
1.043103633330091365e-03
3.990912361942144330e-04
2.053442329282019127e-03
4.189784534093801520e-03
2.756402940368283486e-03
1.318854281954526730e-03
7.365348154417537862e-04
6.043917045683373963e-03
3.061726732139459593e-03
1.808700376646891518e-03
1.563837694204332036e-03
2.909088416294041551e-03
2.298063552116582850e-03
4.297773572328643854e-04
5.525029773550556821e-04
8.591849794365174911e-04
9.329723012881444011e-02
8.898428044272834207e-04
5.831796663776724109e-04
2.481450240304993848e-03
3.488863124877713672e-03
9.511527951980521846e-04
1.900492756908640519e-03
3.071064428036013051e-05
4.911439401004707604e-04
3.702292670609743774e-03
2.145189435867628485e-03
1.758427165144324858e-02
5.525029773549203736e-04
6.138544689968911767e-04
2.236919564825397364e-03
1.961678245067543635e-03
3.684032287521364309e-04
1.135037493834246047e-03
