3.858164675532078292e+01
2.149811123736985834e-04
6.427935259973588389e-02
7.803814379165259496e-02
3.427413162986394507e-02
4.299622247473971668e-04
3.986364055158011371e-02
5.638647461687294749e-02
6.970301894904947781e-01
2.948312398267866410e-02
3.276926384324805458e-02
1.768987438960719846e-02
5.159546696968766652e-03
3.608611529129941015e-02
1.268388563004821737e-02
1.022695863149166232e-02
3.225023801480298435e-01
5.291606523141181156e-02
1.566290961579803976e-03
2.865391112066582868e-02
1.329811737968735613e-02
1.644605509658794151e-01
2.239181843309480668e-01
1.578575596572586934e-02
1.983968551334418587e-02
4.244341390006449444e-02
5.159546696968766652e-03
3.276926384324805458e-02
1.578575596572586934e-02
3.608611529129941015e-02
1.983968551334418587e-02
5.291606523141181156e-02
1.022695863149166232e-02
1.329811737968735613e-02
4.244341390006449444e-02
1.768987438960719846e-02
1.644605509658794151e-01
1.268388563004821737e-02
1.566290961579803976e-03
2.865391112066582868e-02
3.225023801480298435e-01
2.239181843309480668e-01
4.599367341297871947e-01
1.283744356745800119e-02
3.147937716900586769e-02
3.049660636958324497e-02
1.364515831823346903e-01
7.063665120850096428e-04
3.280918890697460122e-01
1.248733147016369283e-01
2.850035318325604139e-02
3.052731795706519966e-02
2.764042873376124760e-04
5.660145572924664414e-02
1.993182027579005686e-02
1.011946807530481190e-01
6.148459813887779957e-02
4.207487485028101049e-02
4.904640520868523701e-02
1.157826848069776760e-01
1.258867970885415022e-01
1.271459721753017413e-01
4.576026534811584306e-03
1.120972943091428364e-01
3.012806731979976102e-02
1.556463253585577966e-01
2.550597340376524191e-01
4.051779736494579565e-01
4.815576917170848875e-02
1.058321304628236231e-01
8.322840207610331456e-03
8.542735173981143015e-01
9.594299929363349355e-02
3.190933939375326100e-02
9.551303706888608983e-03
3.307945087681582463e-01
6.692054912318418092e-01
1.077648843708731192e+03
8.730382973495899535e+01
4.043745585209299520e+01
8.906360369767512934e-04
1.351309849206105366e-03
3.255428273087435792e-03
5.835201621571819118e-04
2.456926998556555487e-03
1.974755075089831488e-02
1.842695248917416507e-03
3.992506372654402612e-04
1.044193974386535984e-03
3.992506372654402612e-04
2.057676361291115117e-03
4.207487485028101222e-03
2.764042873376124868e-03
1.320598261724148514e-03
7.370780995669666026e-04
6.080894321427474797e-03
3.071158748195694250e-03
1.811983661435459655e-03
1.566290961579803976e-03
2.917600810785909559e-03
2.303369061146770796e-03
4.299622247473971668e-04
5.528085746752249520e-04
8.599244494947943336e-04
8.958570068486839677e-01
8.906360369767512934e-04
5.835201621571819118e-04
2.487638586038512338e-03
3.501120972943091471e-03
9.520592119406652131e-04
1.904118423881330426e-03
3.071158748195693952e-05
4.913853997113110323e-04
3.716102085316789864e-03
2.149811123736986105e-03
1.790485550198089859e-02
5.528085746752249520e-04
6.142317496391388717e-04
2.241945886182856659e-03
1.965541598845244129e-03
3.685390497834833013e-04
1.136328736832406972e-03
